% GA:
% bestPath = [45 42 39 37 38 35 27 31 24 21 18 11 10 15 9 1 5 4 2 6 3 7 8 14 13 20 28 29 32 36 40 48 46 47 44 41 33 30 26 22 17 16 12 19 23 25 34 43 49 50];

% ACO:
bestPath = [38 37 43 50 49 42 39 41 45 44 47 46 48 40 36 32 29 30 26 23 19 16 22 28 20 17 14 13 8 7 3 6 12 18 25 33 34 31 24 21 11 10 2 4 5 1 9 15 27 35];
