% GA:
% bestPath = [45 42 39 37 38 35 27 31 24 21 18 11 10 15 9 1 5 4 2 6 3 7 8 14 13 20 28 29 32 36 40 48 46 47 44 41 33 30 26 22 17 16 12 19 23 25 34 43 49 50];

% ACO:
bestPath = [28 22 16 19 23 26 30 29 32 36 40 48 46 47 44 41 39 42 45 50 49 43 37 38 35 27 15 9 1 5 4 2 10 11 21 24 31 34 33 25 18 12 6 3 7 8 13 14 17 20];
